<?xml version="1.0"?>
<opencv_storage>
<calibration_Time>"03/20/15 13:08:40"</calibration_Time>
<nrOfFrames>30</nrOfFrames>
<image_width>640</image_width>
<image_height>480</image_height>
<board_width>8</board_width>
<board_height>6</board_height>
<square_size>24.</square_size>
<FixAspectRatio>1.</FixAspectRatio>
<!-- flags:  +fix_aspectRatio +fix_principal_point +zero_tangent_dist -->
<flagValue>14</flagValue>
<camera_matrix type_id="opencv-matrix">
  <rows>3</rows>
  <cols>3</cols>
  <dt>d</dt>
  <data>
    5.3207208681724853e+002 0. 3.1950000000000000e+002 0.
    5.3207208681724853e+002 2.3950000000000000e+002 0. 0. 1.</data></camera_matrix>
<distortion_coefficients type_id="opencv-matrix">
  <rows>5</rows>
  <cols>1</cols>
  <dt>d</dt>
  <data>
    -3.0365035242661076e-001 3.7708622761461807e-001 0. 0.
    -3.4641170124054832e-001</data></distortion_coefficients>
<Avg_Reprojection_Error>2.9366297583257257e+000</Avg_Reprojection_Error>
<Per_View_Reprojection_Errors type_id="opencv-matrix">
  <rows>30</rows>
  <cols>1</cols>
  <dt>f</dt>
  <data>
    4.25962639e+000 2.30505848e+000 9.23889160e-001 1.79578513e-001
    2.01649129e-001 1.39858782e+000 1.14143324e+000 1.69980025e+000
    3.51610839e-001 1.41528046e+000 2.90539831e-001 2.65006870e-001
    2.19538713e+000 2.66839838e+000 2.69978166e+000 3.34202361e+000
    5.51099157e+000 4.87168026e+000 3.87339616e+000 3.07457352e+000
    2.60176969e+000 2.95443082e+000 3.51256537e+000 3.75393462e+000
    3.78052974e+000 2.47921777e+000 2.91179204e+000 3.47479200e+000
    4.80806446e+000 3.30219054e+000</data></Per_View_Reprojection_Errors>
<!-- a set of 6-tuples (rotation vector + translation vector) for each view -->
<Extrinsic_Parameters type_id="opencv-matrix">
  <rows>30</rows>
  <cols>6</cols>
  <dt>d</dt>
  <data>
    2.4315662303472424e-001 5.3286382515052048e-003
    -1.8210206745541444e-002 -7.3921031433977475e+001
    -2.9262754108594398e+000 9.8098467360340885e+002
    1.9325731816963937e-001 1.4549664347529679e-002
    -3.0346860284570509e-002 -6.6878404768213343e+001
    -5.8199977163309633e+000 9.6443430455641783e+002
    1.8118059435865796e-001 1.7107205217388052e-002
    -2.9986662629087859e-002 -5.9821937499108756e+001
    -6.1532614963347916e+000 9.5971800082713924e+002
    1.4230205426856080e-001 -1.2372795973267018e-002
    -2.3206027969770674e-002 -4.9322219351242651e+001
    -2.8734781260162352e+000 9.4997173991835007e+002
    1.4797098045525320e-001 -1.1238066495028304e-002
    -1.3958133963238681e-002 -4.8248051557778062e+001
    -3.6785395760999315e+000 9.4962589795859310e+002
    1.1948937400402287e-001 -2.5779610976325727e-003
    -1.5645110566586087e-002 -5.1957166334874529e+001
    -5.5681194044722879e+000 9.5435673200857104e+002
    1.9159545356272642e-001 -1.7383899183142239e-002
    -1.8094724127398411e-002 -5.6165298566700528e+001
    -7.6765096773859751e+000 9.5389786046509789e+002
    2.2856115573140068e-001 -7.2206589814189604e-003
    -1.7885781190032101e-002 -6.3025916669562790e+001
    -8.0498447823220776e+000 9.5343665477126854e+002
    1.3771413125641174e-001 -1.0948239428878102e-001
    -3.1307506591293139e-003 -4.8711131497608318e+002
    -6.6890771425573263e+001 7.9386355441519277e+002
    1.1543021385834271e-001 -5.0330226743988932e-002
    7.1600277244043250e-003 -4.2461814486144311e+002
    -6.2759731672149243e+001 7.9868913459583871e+002
    1.3403638324717479e-001 -4.7693367905022196e-002
    2.9943169811507808e-002 -3.9049122934007215e+002
    -6.3267097470119573e+001 7.9837536950086223e+002
    1.0876903617169481e-001 -8.4706823331188563e-002
    2.7898748016385564e-002 -3.7573177986493454e+002
    -6.5625096313095327e+001 8.0174844997025241e+002
    1.4794512943206817e-001 -2.5273879769464599e-002
    1.7705988808759204e-002 -3.1720659559328641e+002
    -6.4165418649284845e+001 8.0635275017398044e+002
    1.7340921067996712e-001 7.9779991097390660e-002
    8.2947493703521540e-003 -2.7294585480846024e+002
    -6.1373017039766431e+001 8.1367852677107317e+002
    8.4968749276506952e-002 8.0276656575328051e-002
    -6.7303568069401482e-003 -2.1525988620793308e+002
    -5.2913716311858877e+001 8.3674454562294511e+002
    -6.6478242652435085e-002 -2.6257617295191105e-001
    -3.3835649923713150e-002 -1.3142227466338574e+002
    -3.8524928224205468e+001 8.3216259902392540e+002
    3.6098531443303272e-001 2.0857464872155257e-001
    -2.1331357716805020e-003 2.9733282216965614e+002
    -6.4727399250120229e+001 8.9877959666016511e+002
    3.5125061104447169e-001 2.2439036787806335e-001
    -1.1897200665696080e-002 3.1149155884976506e+002
    -6.7451271517890291e+001 9.0624410493539540e+002
    3.4434830608701766e-001 1.9589743870043488e-001
    -1.8277972878814362e-002 3.0975827287968275e+002
    -6.5348361830738966e+001 8.8827300874626917e+002
    3.8674006345793932e-001 2.9784238828798215e-001
    -3.3713548394498416e-002 3.2575817673928429e+002
    -6.3598459250256447e+001 9.0181231291862059e+002
    2.9937429411633087e-001 3.6379197736811664e-001
    -1.5581605654515425e-002 3.4253957443838448e+002
    -6.3431896366253206e+001 9.2451244960246186e+002
    3.3483023064994144e-001 3.4220067224899620e-001
    -1.4187273977010771e-002 3.4279833515695793e+002
    -6.0237373621413219e+001 9.1260447064818243e+002
    3.6686896670237268e-001 3.9072727310870164e-001
    -2.0271856315672670e-002 3.4472497359986471e+002
    -5.8058433618912822e+001 9.1486155224889626e+002
    3.6102610768923848e-001 3.4553384298206186e-001
    -1.3699580898923303e-002 3.4006293177091817e+002
    -5.9018409095228542e+001 9.0992829253320122e+002
    3.4628541724457307e-001 2.9508515109981193e-001
    -3.1568505166112794e-002 3.3407505422191832e+002
    -5.8099042147966721e+001 9.0821438138255758e+002
    3.7874917522552709e-001 -1.3213796815280779e-001
    -4.0411816527116111e-002 -9.0323132718292527e+001
    -3.2335812697448961e+002 8.8934134531059794e+002
    1.6694744726481597e-001 2.1888349005966649e-002
    -1.5266489654865273e-002 -9.6207094246970811e+001
    -3.4466221570861495e+002 9.1024361700674456e+002
    6.5870578300711621e-002 8.5662179414299516e-002
    -9.7575961654941968e-003 -1.0042132270131589e+002
    -3.6474735093028141e+002 9.2562175078043413e+002
    -9.4065513959257385e-002 6.4283012110072396e-002
    9.1596930277375310e-003 -9.8210654269624371e+001
    -3.0517289807800887e+002 9.5119075502464875e+002
    9.0430193174487417e-002 1.5827728752189488e-001
    3.9254678685225405e-002 -9.5350484831562227e+001
    -2.9890678359273016e+002 9.4259996685723854e+002</data></Extrinsic_Parameters>
